4294967279,302
4294967278,301
2,351
2,290
2,289
2,283
2,288
2,350
2,287
2,349
2,348
2,286
2,285
2,236
2,347
2,284
2,346
2,345
2,344
2,282
2,10
2,281
2,343
2,280
2,342
2,279
2,278
2,341
2,340
2,277
2,204
2,276
2,339
2,230
2,338
2,275
2,337
2,336
2,274
2,273
2,197
2,335
2,272
2,271
2,334
2,333
2,270
2,9
2,332
2,269
2,331
2,268
2,330
2,329
2,267
2,228
2,328
2,266
2,258
2,327
2,326
2,265
4294967278,300
2,264
2,325
2,263
4294967278,299
2,262
2,324
4294967279,301
4294967278,298
4294967278,297
2,323
4294967279,300
4294967278,296
4294967279,299
2,322
4294967278,295
2,261
2,22
4294967279,298
2,49
4294967278,294
2,321
4294967279,297
4294967278,293
2,320
2,260
4294967278,292
2,244
2,259
2,191
4294967279,296
2,190
2,189
2,257
2,224
2,188
2,255
2,187
2,186
2,254
2,253
2,69
2,252
2,185
2,251
2,184
2,250
2,183
2,182
2,249
2,248
2,181
2,247
2,180
2,246
2,179
2,178
2,245
2,256
2,30
2,177
2,176
2,243
2,242
2,43
2,175
2,241
2,174
2,240
2,173
2,172
2,239
2,238
2,222
4294967279,295
2,171
2,237
2,170
2,169
2,55
2,235
2,168
2,234
2,167
2,233
2,166
2,232
2,165
2,231
2,164
2,229
2,195
2,163
2,162
2,227
2,226
2,161
2,225
2,160
2,159
2,194
2,223
2,158
2,157
2,221
2,156
2,220
2,155
2,154
2,219
2,153
2,218
2,217
2,152
2,216
2,215
2,151
2,150
2,214
2,213
2,212
2,149
2,211
2,148
2,147
2,210
2,209
2,146
2,208
2,145
2,207
2,144
2,143
2,206
2,142
4294967279,294
2,205
2,141
2,140
2,139
2,203
2,138
2,202
2,201
2,199
2,137
2,200
2,136
2,198
2,62
2,135
2,134
2,196
2,133
2,132
2,131
2,66
2,130
2,193
2,129
2,192
2,128
2,68
2,67
2,65
2,64
2,63
2,61
2,60
2,59
2,58
2,57
2,56
2,54
2,53
2,17
2,52
2,51
4294967278,291
4294967279,293
2,50
2,48
2,47
2,46
2,45
2,44
2,42
2,41
2,40
2,39
2,38
2,37
2,36
2,35
2,34
2,33
2,32
2,31
2,29
2,28
2,27
2,26
2,25
2,24
2,23
2,21
2,20
2,12
2,19
2,18
2,16
4294967278,290
2,15
2,14
2,13
2,11
2,5
2,8
4294967279,292
2,7
2,6
4294967279,291
4294967279,290
4294967278,289
4294967279,283
4294967278,288
4294967279,282
3,4
3,3
3,2
3,1
4294967278,287
2,4
2,3
2,2
2,1
4294967294,472
4294967278,285
4294967293,131
4294967293,130
4294967293,129
4294967293,128
4294967293,127
4294967293,126
4294967293,125
4294967293,124
4294967293,123
4294967293,122
4294967293,121
4294967293,120
4294967293,119
4294967293,118
4294967293,117
4294967293,116
4294967293,115
4294967293,114
4294967293,113
4294967293,112
4294967293,111
4294967293,110
4294967293,109
4294967293,108
4294967293,107
4294967293,106
